36 34 126
3 2 0 4 0 0 1 1 0 0 0 1 1 0 1 1 1 0 1 1 1 1 0 0 0 1 1 0 1 1 1 0 1 1 1 1 
9 1 1
9 4 -1
10 3 1
10 4 -1
-11 1 1
-11 3 1
12 1 -1
12 3 -1
13 4 1
12 4 -1
-12 4 1
1 5 1
-1 6 1
1 7 -1
-9 5 1
14 6 1
-14 5 1
14 8 -1
15 5 -1
15 7 -1
-15 7 1
16 7 1
16 6 -1
16 8 -1
-16 8 1
17 8 1
2 9 1
-2 10 1
2 11 -1
-10 9 1
18 10 1
-18 9 1
18 12 -1
19 9 -1
19 11 -1
-19 11 1
20 11 1
20 10 -1
20 12 -1
-20 12 1
21 12 1
15 13 1
19 13 1
12 14 1
-17 14 1
17 14 -1
-21 14 1
21 14 -1
11 15 1
11 18 -1
-3 15 1
3 16 1
3 17 -1
13 16 -1
13 17 -1
-13 17 1
22 15 -1
22 17 1
22 18 -1
-22 18 1
7 18 1
-6 13 1
6 13 -1
23 2 1
23 20 -1
24 19 1
24 20 -1
-25 2 1
-25 19 1
26 2 -1
26 19 -1
27 20 1
26 20 -1
-26 20 1
3 21 1
-3 22 1
3 23 -1
-23 21 1
28 22 1
-28 21 1
28 24 -1
29 21 -1
29 23 -1
-29 23 1
30 23 1
30 22 -1
30 24 -1
-30 24 1
31 24 1
4 25 1
-4 26 1
4 27 -1
-24 25 1
32 26 1
-32 25 1
32 28 -1
33 25 -1
33 27 -1
-33 27 1
34 27 1
34 26 -1
34 28 -1
-34 28 1
35 28 1
29 29 1
33 29 1
26 30 1
-31 30 1
31 30 -1
-35 30 1
35 30 -1
25 31 1
25 34 -1
-5 31 1
5 32 1
5 33 -1
27 32 -1
27 33 -1
-27 33 1
36 31 -1
36 33 1
36 34 -1
-36 34 1
8 34 1
-7 29 1
7 29 -1
