;m n k l nst
15 16 65 9 0
;arcs:
1 9 1
1 10 1
1 3 1
-1 14 2
2 5 2
2 2 -1
2 7 1
-2 12 1
3 15 1
3 2 -1
3 1 -1
3 16 1
-3 2 1
-3 1 1
-4 9 1
5 4 1
6 5 -1
6 1 1
6 6 -1
-6 6 1
7 2 1
7 3 -1
7 4 -1
-7 4 1
8 12 1
-8 5 1
9 6 1
9 7 -1
9 8 -1
-9 8 1
10 10 -1
10 16 -1
10 15 1
-10 7 1
11 7 1
11 9 -1
11 15 -1
-11 15 1
12 9 -1
12 10 -1
12 11 -1
12 8 1
-12 11 1
13 14 1
-13 9 1
-13 10 1
14 12 -1
14 13 -1
14 11 1
-14 13 1
15 14 -1
15 13 1
15 16 -1
15 15 -1
-15 16 1
-15 15 1
-2 -1 0
-3 -4 0
-5 -6 0
-7 -8 0
-9 -11 0
-10 -11 0
-12 -13 0
-14 -16 0
-14 -15 0
;mu(p)
3 1
5 1
6 1
7 1
9 1
11 1
12 1
14 1
15 1